[header]
width=32
height=32
tilewidth=16
tileheight=16
orientation=orthogonal

[tilesets]
tileset=arne_sprites.png,16,16,0,0

[layer]
type=Tile Layer 1
data=
0,0,0,0,0,0,0,0,0,0,0,0,0,0,0,0,0,0,0,0,0,0,0,0,0,0,0,0,0,0,0,0,
7,7,7,7,7,7,7,7,7,7,0,0,0,0,0,0,0,0,0,0,7,7,7,7,7,7,7,7,7,7,7,7,
7,0,0,0,0,0,0,0,0,104,0,0,0,0,0,0,0,0,0,0,0,0,0,0,0,0,0,0,0,0,0,0,
7,0,0,0,0,0,0,0,0,104,0,0,0,0,0,0,0,0,0,0,101,101,101,101,101,101,101,7,7,0,0,0,
7,0,0,104,0,0,103,0,0,104,0,0,0,0,0,0,0,0,0,0,0,103,0,0,0,0,0,7,7,0,0,0,
7,0,104,0,0,0,0,103,0,104,0,0,0,0,0,0,0,0,0,0,0,103,0,0,0,0,0,7,7,0,0,0,
7,104,0,0,0,0,0,0,103,104,0,0,0,0,0,0,0,0,0,0,0,0,0,0,0,0,0,7,7,0,0,0,
7,0,0,0,0,0,0,0,0,104,7,7,7,7,101,101,101,101,101,0,0,0,0,0,0,0,0,7,7,0,0,0,
7,0,0,0,0,0,0,0,0,104,0,0,0,0,0,0,0,0,0,0,0,0,0,0,103,104,0,118,118,0,0,0,
7,0,0,0,0,0,0,0,0,104,0,0,0,0,0,0,0,0,0,0,0,0,0,0,103,104,0,0,0,0,0,0,
7,0,0,0,0,0,0,0,0,104,0,0,0,0,0,0,0,0,0,0,0,7,7,7,103,104,0,0,0,0,0,0,
7,0,0,0,0,0,0,0,0,104,0,0,0,0,0,0,0,0,0,0,0,0,0,0,103,104,0,0,0,0,0,103,
7,0,0,0,0,0,0,0,0,104,0,0,0,0,0,0,0,0,0,0,0,0,0,0,103,104,0,0,0,0,103,103,
7,0,0,0,0,0,0,0,0,104,0,0,0,0,0,0,0,0,0,0,0,0,0,0,103,104,0,0,0,0,103,103,
7,0,0,0,0,0,0,0,0,104,0,0,0,0,7,7,7,7,0,0,0,0,0,0,103,104,0,0,0,0,0,103,
7,0,0,0,0,0,0,0,0,104,0,0,0,0,0,0,0,0,0,0,0,0,0,0,103,104,0,0,0,0,0,7,
7,0,0,0,0,0,0,0,0,104,0,0,0,0,0,0,0,0,0,0,0,0,0,0,103,104,0,0,0,0,0,7,
7,0,0,0,0,0,0,0,0,104,0,0,0,0,0,0,0,0,0,0,0,0,0,0,103,104,0,0,0,0,0,7,
7,0,0,0,0,0,0,0,0,104,0,0,0,0,0,0,0,0,0,0,0,0,0,0,103,104,0,0,0,0,0,7,
7,0,0,0,0,0,0,0,0,104,0,0,0,0,0,0,0,0,0,0,0,0,0,102,102,102,102,102,102,102,0,7,
7,0,0,0,0,0,0,0,0,104,0,0,0,0,0,0,0,0,0,0,0,0,0,7,7,7,7,7,7,7,0,7,
7,0,0,0,0,0,0,0,0,104,0,0,0,0,0,0,0,0,0,0,0,0,0,7,7,7,7,7,118,118,0,7,
7,0,0,0,0,0,0,0,0,0,0,0,0,0,0,0,0,0,0,0,0,0,0,118,118,118,118,118,118,103,0,7,
7,0,0,0,0,0,0,0,0,0,0,0,0,0,0,0,0,0,0,0,0,0,0,120,0,0,0,0,0,103,0,7,
7,0,0,0,0,0,0,0,0,0,0,0,0,0,0,0,0,0,0,0,0,0,0,120,0,0,0,0,0,103,0,7,
7,118,118,118,118,118,118,118,118,118,118,0,0,0,0,0,0,0,0,0,0,0,0,120,0,0,0,0,0,103,0,7,
7,0,0,0,0,0,0,0,0,0,118,0,0,0,0,0,0,0,0,0,0,0,0,120,0,0,0,0,0,103,0,7,
7,0,0,0,0,0,0,0,0,0,0,7,7,7,7,7,7,7,7,118,118,118,118,0,0,0,0,0,0,103,0,7,
7,0,0,0,0,0,0,0,0,0,0,0,0,0,0,0,0,0,0,0,118,118,0,0,0,0,0,0,0,103,0,7,
7,0,0,0,0,0,0,0,0,0,0,0,0,0,0,0,0,0,0,0,0,0,0,0,0,0,0,0,0,103,0,7,
7,0,0,0,0,0,101,101,0,0,0,0,0,0,0,0,0,0,0,0,0,0,0,0,0,0,0,0,0,0,0,7,
7,7,7,7,7,101,101,101,101,0,0,0,0,0,101,101,101,101,0,0,0,0,0,0,101,7,7,7,7,7,7,7

[Object Layer 1]
type=player
location=1,31,0,0

[Object Layer 1]
type=goal
location=4,3,0,0

[Object Layer 1]
# e
type=enemy
location=26,30,0,0

[Object Layer 1]
type=enemy
location=13,27,0,0

