[header]
width=32
height=32
tilewidth=16
tileheight=16
orientation=orthogonal

[tilesets]
tileset=arne_sprites.png,16,16,0,0
tileset=arne_sprites.png,16,16,0,0
tileset=arne_sprites.png,16,16,0,0

[layer]
type=Tile Layer 1
data=
118,117,117,4,4,4,117,117,117,117,4,4,117,117,117,118,117,117,117,4,4,118,118,4,4,4,4,4,4,4,4,4,
104,0,0,4,4,4,0,0,0,0,4,4,0,0,0,0,0,0,0,4,4,0,0,4,4,4,4,4,4,4,4,4,
104,0,0,0,0,0,0,0,0,0,0,0,0,0,0,0,0,0,0,0,0,0,0,0,0,0,0,0,0,0,0,103,
104,0,0,0,0,0,0,0,0,0,0,0,0,0,0,0,0,0,0,0,0,0,0,0,0,0,0,0,0,0,0,103,
4,4,0,0,0,0,0,0,0,0,0,0,0,0,0,0,0,0,0,0,0,0,0,0,0,0,0,0,0,0,0,103,
4,4,0,0,0,0,0,0,0,0,0,0,0,0,0,0,0,0,0,0,0,0,0,0,103,120,0,0,0,0,0,103,
104,0,0,0,0,0,0,0,0,0,0,0,0,0,0,0,0,0,0,0,0,0,0,0,103,120,0,0,0,0,0,103,
104,0,0,0,0,0,0,0,0,0,0,0,0,0,0,0,0,0,0,0,0,0,0,0,103,120,0,0,0,0,0,103,
104,0,0,0,0,0,0,0,0,0,0,0,0,0,0,0,0,0,0,0,0,0,0,0,103,120,0,0,0,0,0,103,
4,0,0,0,0,0,0,0,0,0,0,0,0,0,0,0,0,0,0,0,0,0,0,0,103,120,0,0,0,0,0,103,
4,0,0,0,0,0,0,0,0,0,0,0,0,0,4,4,4,0,0,0,0,0,0,52,103,120,0,0,0,0,0,103,
4,0,0,0,0,0,0,0,0,0,0,0,0,0,4,4,4,0,0,0,0,0,0,4,103,120,0,0,0,0,0,103,
4,0,0,102,102,102,102,102,102,102,102,102,102,102,4,4,4,102,102,102,102,102,102,102,104,0,0,0,0,0,0,103,
4,0,4,4,4,0,4,4,4,4,4,4,4,4,4,4,4,4,4,4,4,4,4,4,104,0,0,0,0,0,0,103,
4,0,0,0,0,0,0,0,0,0,0,0,0,0,0,0,0,0,118,0,0,0,0,4,104,0,0,0,0,0,0,103,
4,4,0,0,0,101,0,0,0,0,0,0,0,0,0,0,0,0,0,0,0,0,0,4,104,0,0,0,0,0,0,103,
4,4,4,4,4,4,4,4,4,4,4,4,4,4,4,4,4,4,0,4,4,4,4,4,120,0,0,0,0,0,0,103,
4,245,245,246,246,246,245,246,246,246,245,246,245,245,245,245,245,246,246,245,245,246,118,118,120,0,0,0,0,0,0,103,
104,0,0,0,0,0,0,0,0,0,0,0,0,0,0,0,0,0,0,0,0,0,0,103,120,0,0,0,0,0,0,103,
104,0,0,0,0,0,0,0,0,0,0,0,0,0,0,0,0,0,0,0,0,0,0,103,120,0,0,0,0,0,0,103,
104,0,0,0,0,0,0,0,0,0,0,0,0,0,0,0,0,0,0,0,0,0,0,103,120,0,0,0,0,0,0,103,
104,0,0,0,0,0,0,0,0,0,0,0,0,0,0,0,0,0,0,0,0,0,0,103,120,0,0,0,0,0,0,103,
104,0,0,0,0,0,0,0,0,0,0,0,0,0,0,0,0,0,0,0,0,0,0,0,103,120,0,0,0,0,0,103,
104,0,0,0,0,0,0,0,0,0,0,0,0,0,0,0,0,0,0,0,0,0,0,0,103,120,0,0,0,0,0,103,
104,0,0,0,0,0,0,0,0,0,0,0,0,0,0,0,0,0,0,0,0,0,0,0,103,120,0,0,0,0,0,103,
104,0,0,0,0,0,0,0,0,0,0,0,0,0,0,0,0,0,0,0,0,0,0,0,103,104,0,0,0,0,0,103,
104,0,0,0,0,0,0,0,0,0,0,0,0,0,0,0,0,0,0,0,0,0,0,0,103,104,0,0,0,0,0,103,
104,0,0,0,0,0,0,0,0,0,0,0,0,0,0,0,0,0,0,0,0,0,0,0,0,0,0,0,0,0,0,4,
104,0,0,50,0,0,0,0,0,0,0,0,0,0,0,0,0,0,0,0,4,0,0,0,0,0,0,0,0,0,0,4,
104,0,0,0,0,0,0,0,0,0,0,0,0,0,0,0,0,0,0,0,4,0,0,0,0,0,0,0,0,0,0,4,
4,4,4,4,4,4,4,4,0,0,4,4,4,0,0,4,4,4,0,0,4,0,0,4,4,4,4,4,4,4,4,4,
4,4,4,4,4,4,4,4,101,101,4,4,4,101,101,4,4,4,101,101,4,101,101,4,4,4,4,4,4,4,4,4

[Object Layer 1]
type=player
location=3,29,0,0

[Object Layer 1]
type=goal
location=21,15,0,0

