[header]
width=23
height=32
tilewidth=16
tileheight=16
orientation=orthogonal

[tilesets]
tileset=arne_sprites.png,16,16,0,0

[layer]
type=Tile Layer 1
data=
0,0,0,0,7,7,7,7,7,7,0,0,0,0,0,0,0,0,97,98,0,0,0,
97,98,0,0,0,97,115,0,0,0,0,97,115,0,0,113,0,0,0,0,0,0,0,
0,0,0,0,0,0,0,0,0,0,0,0,0,0,0,0,0,0,0,0,0,0,0,
97,98,0,97,98,0,97,98,0,0,116,0,0,0,0,97,98,0,0,0,97,115,0,
0,0,0,0,0,116,0,0,0,0,0,0,97,115,0,0,0,0,0,0,0,0,0,
0,97,115,0,0,0,0,97,98,0,0,0,0,0,0,97,115,0,97,98,0,0,0,
0,0,0,0,0,0,0,0,0,0,0,0,0,0,0,0,0,0,0,102,102,0,0,
98,0,0,97,98,0,0,0,97,115,97,98,0,0,116,0,0,0,103,97,98,0,0,
0,42,0,0,0,0,0,113,0,0,0,0,0,0,0,0,97,98,103,0,7,0,0,
42,42,42,0,0,0,97,98,0,0,0,0,0,0,0,0,0,0,103,0,0,7,7,
0,42,0,0,0,0,0,116,0,103,0,0,97,98,0,0,0,97,103,0,0,0,7,
0,42,0,0,0,0,0,0,0,103,115,116,0,0,0,0,0,0,103,97,98,7,7,
0,42,0,0,0,0,0,0,0,103,0,0,0,0,0,97,98,0,103,7,0,7,0,
0,0,0,7,0,0,0,0,0,103,0,0,0,0,102,102,102,102,0,0,0,7,0,
0,42,0,7,0,0,0,0,0,103,0,0,0,0,119,0,0,0,0,0,7,7,0,
42,42,42,7,0,0,0,0,0,103,101,0,0,0,119,0,0,0,0,0,0,7,0,
0,42,0,7,0,0,0,0,0,103,104,0,0,0,119,0,0,0,0,7,0,7,0,
0,42,0,7,0,0,0,0,0,103,104,0,0,0,119,0,0,0,0,117,0,7,0,
0,42,0,7,0,0,0,0,0,103,104,0,0,0,119,0,0,0,7,0,0,7,0,
0,0,0,7,0,0,0,0,0,103,104,0,0,0,119,0,0,0,117,0,0,7,0,
0,42,0,104,0,0,0,0,0,103,104,0,0,0,0,0,0,7,0,0,0,7,0,
42,42,42,104,0,0,0,0,0,103,104,0,0,0,0,0,0,0,0,0,0,7,0,
0,42,0,120,0,0,0,0,0,103,104,0,0,0,0,0,7,0,0,0,0,7,0,
0,42,0,120,0,0,0,0,0,103,104,0,0,0,0,0,0,0,0,0,0,7,0,
0,42,0,7,0,0,0,0,0,103,104,0,0,0,7,7,0,0,0,0,0,7,0,
0,0,0,7,0,0,0,0,0,103,7,0,0,0,0,0,0,0,0,0,0,7,0,
0,0,0,7,0,0,0,0,0,103,7,7,7,101,101,101,101,101,101,101,101,7,0,
0,0,0,7,0,0,0,0,0,0,118,118,118,118,118,118,118,118,118,118,118,7,0,
0,0,0,0,0,0,0,0,0,0,0,0,0,0,0,0,0,0,0,0,0,7,0,
0,0,0,0,0,0,0,0,0,0,0,0,0,0,0,0,0,0,0,50,0,7,0,
0,0,0,0,0,0,0,0,0,0,0,0,0,0,0,0,0,0,0,0,0,7,0,
0,0,0,0,0,0,0,0,7,7,7,7,7,7,7,7,7,7,7,7,7,7,0

[Object Layer 1]
type=player
location=18,31,0,0

[Object Layer 1]
type=goal
location=20,11,0,0

