[header]
width=32
height=128
tilewidth=16
tileheight=16
orientation=orthogonal

[tilesets]
tileset=arne_sprites.png,16,16,0,0

[layer]
type=Tile Layer 1
data=
0,0,0,0,0,0,0,0,0,49,0,0,0,0,0,0,0,0,0,0,0,0,0,0,0,0,49,0,0,0,0,0,
0,0,0,0,0,0,0,0,0,0,0,0,0,0,0,0,0,0,0,0,0,0,0,0,0,0,0,0,0,0,0,0,
0,0,0,0,0,0,0,0,0,0,0,0,0,50,0,0,0,0,0,0,0,0,0,0,0,0,0,0,0,0,0,0,
0,0,0,0,0,0,0,0,0,0,0,0,0,0,0,0,0,0,0,0,0,0,0,0,0,0,0,0,0,0,0,0,
0,0,0,0,0,0,0,0,0,0,0,0,0,0,0,0,0,0,50,0,0,0,0,0,0,0,0,0,0,0,0,0,
0,0,0,0,0,0,49,0,0,0,0,0,0,0,0,0,0,0,0,0,0,0,0,0,0,0,0,0,0,0,0,0,
0,0,0,0,0,0,0,0,0,0,0,0,0,0,0,0,0,0,0,0,0,0,0,0,0,0,0,0,0,0,49,0,
0,0,0,0,0,0,0,0,0,0,0,0,0,0,0,0,0,0,0,0,0,0,0,0,0,0,0,0,0,0,0,0,
0,0,0,0,0,0,0,0,0,0,0,0,0,0,0,0,0,0,0,0,0,0,0,0,0,0,0,0,0,0,0,0,
0,0,0,0,0,0,0,0,50,0,0,0,0,0,0,0,0,0,0,0,0,0,0,0,0,0,0,0,0,0,0,0,
0,0,0,0,0,0,0,0,0,0,0,0,0,0,0,0,0,0,0,0,0,49,0,0,0,0,0,0,0,0,0,0,
0,0,0,0,0,0,0,0,0,0,0,0,0,0,0,0,0,0,0,0,0,0,0,0,0,0,0,0,0,0,0,0,
0,0,0,0,0,0,0,0,0,0,0,0,0,0,0,0,0,0,0,0,0,0,0,0,0,0,0,0,0,0,0,0,
0,0,0,0,0,0,0,0,0,0,0,0,0,0,0,0,0,0,0,0,0,0,0,0,0,0,0,0,0,0,0,0,
0,0,0,0,0,0,0,0,0,0,0,0,0,0,0,0,0,0,0,0,0,0,0,0,0,0,0,0,0,0,0,0,
0,0,0,0,0,0,0,0,0,0,0,0,0,0,0,103,104,0,0,0,0,0,0,0,0,0,0,0,0,0,0,0,
0,0,0,0,0,0,0,0,0,0,0,0,0,0,0,103,104,0,0,0,0,0,0,0,0,0,0,0,0,0,0,0,
0,0,0,0,0,0,0,0,0,0,0,0,0,0,0,103,104,0,0,0,0,0,0,0,0,0,0,0,0,0,0,0,
0,0,97,115,0,0,0,0,97,115,0,0,113,0,0,103,104,0,0,0,0,0,0,0,0,0,0,0,0,0,0,0,
0,0,0,0,0,0,0,0,0,0,0,0,0,0,97,103,104,0,0,97,115,0,0,0,0,97,115,0,0,113,0,0,
97,98,0,97,98,0,0,116,0,0,0,0,97,98,0,103,104,0,0,0,0,0,0,0,0,0,0,0,0,0,0,0,
0,0,116,0,0,0,0,0,0,97,115,0,0,0,97,103,104,97,98,0,97,98,0,0,116,0,0,0,0,97,98,0,
0,0,0,0,97,98,0,0,0,0,0,0,97,115,0,103,104,0,0,116,0,0,0,0,0,0,97,115,0,0,0,0,
0,0,0,0,0,0,0,0,0,0,0,0,0,0,0,103,104,0,0,0,0,97,98,0,0,0,0,0,0,97,115,0,
97,98,0,0,0,97,115,97,98,0,0,116,0,0,0,103,104,0,0,0,0,0,0,0,0,0,0,0,0,0,0,0,
0,0,0,0,113,0,0,0,0,0,0,0,0,97,98,103,104,97,98,0,0,0,97,115,97,98,0,0,116,0,0,0,
0,0,0,0,0,0,0,0,0,0,0,0,0,0,0,103,104,0,0,0,0,113,0,0,0,0,0,0,0,0,97,98,
0,0,97,98,0,0,0,0,0,0,0,0,0,0,0,103,104,0,0,0,0,0,0,0,0,0,0,0,0,0,0,0,
0,0,0,0,0,0,0,0,0,0,0,0,0,0,0,103,104,0,0,0,0,0,0,0,0,0,0,0,0,0,0,0,
0,0,0,0,0,0,0,0,0,0,0,0,0,0,97,103,104,0,0,0,0,0,0,0,0,0,97,98,0,0,0,0,
0,0,0,0,0,0,0,0,97,98,0,0,0,0,0,103,104,0,0,0,0,0,0,0,0,0,0,0,0,0,0,0,
0,0,0,0,0,0,0,0,0,0,0,0,0,0,0,103,104,0,0,0,0,0,0,0,0,0,0,0,0,0,0,0,
0,0,0,0,0,0,0,0,0,0,0,0,0,0,0,103,104,0,0,97,98,0,0,0,0,0,0,0,0,0,0,0,
0,0,0,0,0,0,0,0,0,0,0,0,0,0,0,103,104,0,0,0,0,0,0,0,0,0,0,0,0,0,0,0,
0,0,0,0,0,0,0,0,0,0,0,0,0,0,0,103,104,0,0,0,0,0,0,0,0,0,0,0,0,0,0,0,
0,0,0,0,0,0,0,0,0,0,0,0,0,0,0,103,104,0,0,0,0,0,0,0,0,0,0,0,0,0,0,0,
0,0,0,0,0,0,0,0,0,0,0,0,0,0,0,103,104,0,0,0,0,0,0,0,0,0,0,0,0,0,0,0,
0,0,0,0,0,0,0,0,0,0,0,0,0,0,0,103,104,0,0,0,0,0,0,0,0,0,0,0,0,0,0,0,
0,0,0,0,0,97,98,0,0,0,0,0,0,0,0,103,104,0,0,0,0,0,0,97,98,0,0,0,0,0,0,0,
0,0,0,0,0,0,0,0,0,0,0,0,0,0,0,103,104,0,0,0,0,0,0,0,0,0,0,0,0,0,0,0,
0,0,0,0,0,0,0,0,0,0,0,0,0,0,0,103,104,0,0,0,0,0,0,0,0,0,0,0,0,0,0,0,
0,0,0,0,0,0,0,0,0,0,0,0,0,0,0,103,104,0,0,0,0,0,0,0,0,0,0,0,0,0,0,0,
0,0,0,0,0,0,0,0,0,0,0,0,0,0,0,103,104,0,0,0,0,0,0,0,0,0,0,0,0,0,0,0,
0,0,0,0,0,0,0,0,0,0,0,0,0,0,0,103,104,0,0,0,0,0,0,0,0,0,0,0,0,0,0,0,
0,0,0,0,0,0,0,0,0,0,0,0,0,0,0,103,104,0,0,0,0,0,0,0,0,0,0,0,0,0,0,0,
0,0,0,0,0,0,0,0,0,0,0,0,0,0,0,103,104,0,0,0,0,0,0,0,0,0,0,0,0,0,0,0,
0,0,0,0,0,0,0,0,0,0,0,0,0,0,0,103,104,0,0,0,0,0,0,0,0,0,0,0,0,0,0,0,
0,0,0,0,0,0,0,0,0,0,0,0,0,0,0,103,104,0,0,0,0,0,0,0,0,0,0,0,0,0,0,0,
0,0,0,0,0,0,0,0,0,0,0,0,0,0,0,103,104,0,0,0,0,0,0,0,0,0,0,0,0,0,0,0,
0,0,0,0,0,0,0,0,0,0,0,0,0,0,0,103,104,0,0,0,0,0,0,0,0,0,0,0,0,0,0,0,
0,0,0,0,0,0,0,0,0,0,0,0,0,0,0,103,104,0,0,0,0,0,0,0,0,0,0,0,0,0,0,0,
0,0,0,0,0,0,0,0,0,0,0,0,0,0,0,103,104,0,0,0,0,0,0,0,0,0,0,0,0,0,0,0,
0,0,0,0,0,0,0,0,0,0,0,0,0,0,0,103,104,0,0,0,0,0,0,0,0,0,0,0,0,0,0,0,
0,0,0,0,0,0,0,0,0,0,0,0,0,0,0,103,104,0,0,0,0,0,0,0,0,0,0,0,0,0,0,0,
0,0,0,0,0,0,0,0,0,0,0,0,0,0,0,103,104,0,0,0,0,0,0,0,0,0,0,0,0,0,0,0,
0,0,0,0,0,0,0,0,0,0,0,0,0,0,0,103,104,0,0,0,0,0,0,0,0,0,0,0,0,0,0,0,
0,0,0,0,0,0,0,0,0,0,0,0,0,0,0,103,104,0,0,0,0,0,0,0,0,0,0,0,0,0,0,0,
0,0,0,0,0,0,0,0,0,0,0,0,0,0,0,103,104,0,0,0,0,0,0,0,0,0,0,0,0,0,0,0,
0,0,0,0,0,0,0,0,0,0,0,0,0,0,0,103,104,0,0,0,0,0,0,0,0,0,0,0,0,0,0,0,
0,0,0,0,0,0,0,0,0,0,0,0,0,0,0,103,104,0,0,0,0,0,0,0,0,0,0,0,0,0,0,0,
0,0,0,0,0,0,0,0,0,0,0,0,0,0,0,103,104,0,0,0,0,0,0,0,0,0,0,0,0,0,0,0,
0,0,0,0,0,0,0,0,0,0,0,0,0,0,0,103,104,0,0,0,0,0,0,0,0,0,0,0,0,0,0,0,
0,0,0,0,0,0,0,0,0,0,0,0,0,0,0,103,104,0,0,0,0,0,0,0,0,0,0,0,0,0,0,0,
0,0,0,0,0,0,0,0,0,0,0,0,0,0,0,103,104,0,0,0,0,0,0,0,0,0,0,0,0,0,0,0,
0,0,0,0,0,0,0,0,0,0,0,0,0,0,0,103,104,0,0,0,0,0,0,0,0,0,0,0,0,0,0,0,
0,0,0,0,0,0,0,0,0,0,0,0,0,0,0,103,104,0,0,0,0,0,0,0,0,0,0,0,0,0,0,0,
0,0,0,0,0,0,0,0,0,0,0,0,0,0,0,103,104,0,0,0,0,0,0,0,0,0,0,0,0,0,0,0,
0,0,0,0,0,0,0,0,0,0,0,0,0,0,0,103,104,0,0,0,0,0,0,0,0,0,0,0,0,0,0,0,
0,0,0,0,0,0,0,0,0,0,0,0,0,0,0,103,104,0,0,0,0,0,0,0,0,0,0,0,0,0,0,0,
0,0,0,0,0,0,0,0,0,0,0,0,0,0,0,103,104,0,0,0,0,0,0,0,0,0,0,0,0,0,0,0,
0,0,0,0,0,0,0,0,0,0,0,0,0,0,0,103,104,0,0,0,0,0,0,0,0,0,0,0,0,0,0,0,
0,0,0,0,0,0,0,0,0,0,0,0,0,0,0,103,104,0,0,0,0,0,0,0,0,0,0,0,0,0,0,0,
0,0,0,0,0,0,0,0,0,0,0,0,0,0,0,103,104,0,0,0,0,0,0,0,0,0,0,0,0,0,0,0,
0,0,0,0,0,0,0,0,0,0,0,0,0,0,0,103,104,0,0,0,0,0,0,0,0,0,0,0,0,0,0,0,
0,0,0,0,0,0,0,0,0,0,0,0,0,0,0,103,104,0,0,0,0,0,0,0,0,0,0,0,0,0,0,0,
0,0,0,0,0,0,0,0,0,0,0,0,0,0,0,103,104,0,0,0,0,0,0,0,0,0,0,0,0,0,0,0,
0,0,0,0,0,0,0,0,0,0,0,0,0,0,0,103,104,0,0,0,0,0,0,0,0,0,0,0,0,0,0,0,
0,0,0,0,0,0,0,0,0,0,0,0,0,0,0,103,104,0,0,0,0,0,0,0,0,0,0,0,0,0,0,0,
0,0,0,0,0,0,0,0,0,0,0,0,0,0,0,103,104,0,0,0,0,0,0,0,0,0,0,0,0,0,0,0,
0,0,0,0,0,0,0,0,0,0,0,0,0,0,0,103,104,0,0,0,0,0,0,0,0,0,0,0,0,0,0,0,
0,0,0,0,0,0,0,0,0,0,0,0,0,0,0,103,104,0,0,0,0,0,0,0,0,0,0,0,0,0,0,0,
1,0,0,0,0,0,0,0,0,0,0,0,0,0,0,103,104,0,0,0,0,0,0,0,0,0,0,0,0,0,0,3,
35,0,0,0,0,0,0,0,0,0,0,0,0,0,0,103,104,0,0,0,0,0,0,0,0,0,0,0,0,0,0,35,
35,0,0,0,0,0,0,0,0,0,0,0,0,0,0,103,104,0,0,0,0,0,0,0,0,0,0,0,0,0,0,35,
35,0,0,0,0,0,0,0,0,0,0,0,0,0,0,103,104,0,0,0,0,0,0,0,0,0,0,0,0,0,0,35,
35,0,0,0,0,0,0,0,0,0,0,0,0,0,0,103,104,0,0,0,0,0,0,0,0,0,0,0,0,0,0,35,
35,0,0,0,0,0,0,0,0,0,0,0,0,0,0,103,104,0,0,0,0,0,0,0,0,0,0,0,0,0,0,35,
35,0,0,0,0,0,0,0,0,0,0,0,0,0,0,103,104,0,0,0,0,0,0,0,0,0,0,0,0,0,0,35,
35,0,0,0,0,0,0,0,0,0,0,0,0,0,0,103,104,0,0,0,0,0,0,0,0,0,0,0,0,0,0,35,
35,0,0,0,0,0,0,0,0,0,0,0,0,0,0,103,104,0,0,0,0,0,0,0,0,0,0,0,0,0,0,35,
35,0,0,0,0,0,0,0,0,0,0,0,0,0,0,103,104,0,0,0,0,0,0,0,0,0,0,0,0,0,0,35,
35,0,0,0,0,0,0,0,0,0,0,0,0,0,0,103,104,0,0,0,0,0,0,0,0,0,0,0,0,0,0,35,
35,0,0,0,0,0,0,0,0,0,0,0,0,0,0,103,104,0,0,0,0,0,0,0,0,0,0,0,0,0,0,35,
35,0,0,0,0,0,0,0,0,0,0,0,0,0,0,103,104,0,0,0,0,0,0,0,0,0,0,0,0,0,0,35,
35,0,0,0,0,0,0,0,0,0,0,0,0,0,0,103,104,0,0,0,0,0,0,0,0,0,0,0,0,0,0,35,
35,0,0,0,0,0,0,0,0,0,0,0,0,0,0,103,104,0,0,0,0,0,0,0,0,0,0,0,0,0,0,35,
35,0,0,0,0,0,0,0,0,0,0,0,0,0,0,103,104,0,0,0,0,0,0,0,0,0,0,0,0,0,0,35,
35,0,0,0,0,0,0,0,0,0,0,0,0,0,0,103,104,0,0,0,0,0,0,0,0,0,0,0,0,0,0,35,
35,0,0,0,0,0,0,0,0,0,0,0,0,0,0,103,104,0,0,0,0,0,0,0,0,0,0,0,0,0,0,35,
35,0,0,0,0,0,0,0,0,0,0,0,0,0,0,103,104,0,0,0,0,0,0,0,0,0,0,0,0,0,0,35,
34,0,0,0,0,0,0,0,0,0,0,0,0,0,0,103,104,0,0,0,0,0,0,0,0,0,0,0,0,0,0,34,
34,0,0,0,0,0,0,0,0,0,0,0,0,0,0,103,104,0,0,0,0,0,0,0,0,0,0,0,0,0,0,34,
34,0,0,0,0,0,0,0,0,0,0,0,0,0,0,103,104,0,0,0,0,0,0,0,0,0,0,0,0,0,0,34,
34,0,0,0,0,0,0,0,0,0,0,0,0,0,0,103,104,0,0,0,0,0,0,0,0,0,0,0,0,0,0,34,
34,0,0,0,0,0,0,0,0,0,0,0,0,0,0,103,104,0,0,0,0,0,0,0,0,0,0,0,0,0,0,33,
33,0,0,0,0,0,0,0,0,0,0,0,0,0,0,103,104,0,0,0,0,0,0,0,0,0,0,0,0,0,0,33,
33,0,0,0,0,0,0,0,0,0,0,0,0,0,0,103,104,0,0,0,0,0,0,0,0,0,0,0,0,0,0,33,
33,0,0,0,0,0,0,0,0,0,0,0,0,0,0,103,104,0,0,0,0,0,0,0,0,0,0,0,0,0,0,33,
33,0,0,0,0,0,0,0,0,0,0,0,0,0,0,103,104,0,0,0,0,0,0,0,0,0,0,0,0,0,0,33,
33,0,0,0,0,0,0,0,0,0,0,0,0,0,0,103,104,0,0,0,0,0,0,0,0,0,0,0,0,0,0,33,
33,0,0,0,0,0,0,0,0,0,0,0,0,0,0,103,104,0,0,0,0,0,0,0,0,0,0,0,0,0,0,33,
33,0,0,0,0,0,0,0,0,0,0,0,0,0,0,103,104,0,0,0,0,0,0,0,0,0,0,0,0,0,0,33,
33,0,0,0,0,0,0,0,0,0,0,0,0,0,0,103,104,0,0,0,0,0,0,0,0,0,0,0,0,0,0,33,
33,0,0,0,0,0,0,0,0,0,0,0,0,0,0,103,104,0,0,0,0,0,0,0,0,0,0,0,0,0,0,33,
33,0,0,0,0,0,0,0,0,0,0,0,0,0,0,103,104,0,0,0,0,0,0,0,0,0,0,0,0,0,0,33,
33,0,0,0,0,0,0,0,0,0,0,0,0,0,0,103,104,0,0,0,0,0,0,0,0,0,0,0,0,0,0,33,
33,0,0,0,0,0,0,0,0,0,0,0,0,0,0,103,104,0,0,0,0,0,0,0,0,0,0,0,0,0,0,33,
33,0,0,0,0,0,0,0,0,0,0,0,0,0,0,103,104,0,0,0,0,0,0,0,0,0,0,0,0,0,0,33,
33,0,0,0,0,0,0,0,0,0,0,0,0,0,0,103,104,0,0,0,0,0,0,0,0,0,0,0,0,0,0,33,
33,0,0,0,0,0,0,0,0,0,0,0,0,0,0,103,104,0,0,0,0,0,0,0,0,0,0,0,0,0,0,33,
33,0,0,0,0,0,0,0,0,0,0,0,0,0,0,103,104,0,0,0,0,0,0,0,0,0,0,0,0,0,0,33,
33,0,0,0,0,0,0,0,0,0,0,0,0,0,0,103,104,0,0,0,0,0,0,0,0,0,0,0,0,0,0,33,
33,0,0,0,0,0,0,0,0,0,0,0,0,0,0,103,104,0,0,0,0,0,0,0,0,0,0,0,0,0,0,33,
33,0,0,0,0,0,0,0,0,0,0,0,0,0,0,103,104,0,0,0,0,0,0,0,0,0,0,0,0,0,0,33,
33,0,0,0,0,50,0,0,0,0,0,0,0,0,0,103,104,0,0,0,0,0,0,0,0,0,0,0,0,0,0,33,
33,0,0,0,0,0,0,0,0,0,0,0,0,0,0,4,4,0,0,0,0,0,0,0,0,0,0,0,0,0,0,33,
33,33,33,33,33,33,33,33,33,33,33,33,33,33,33,33,33,33,33,33,33,33,33,33,33,33,33,33,33,33,33,33,
33,33,33,33,33,33,33,33,33,33,33,33,33,33,33,33,33,33,33,33,33,33,33,33,33,33,33,33,33,33,33,33

[Object Layer 1]
type=player
location=5,125,0,0

[Object Layer 1]
type=goal
location=19,125,0,0

